function mpc = captd_case_100
%CAP_CASE  Power flow data for multi-home one-generation system

%   MATPOWER

%% MATPOWER Case Format : Version 2
mpc.version = '2';

%%-----  Power Flow Data  -----%%
%% system MVA base
mpc.baseMVA = 100;

%% bus data
%	bus_i	type	Pd	Qd	Gs	Bs	area	Vm	Va	baseKV	zone	Vmax	Vmin
mpc.bus = [
    1	3	0	0	0	0	1	1	0	230	1	1.1	0.9;
	2	1	6.025	1.9804	0	0	1	1	0	230	1	1.1	0.9;
	3	1	12.050	3.9608	0	0	1	1	0	230	1	1.1	0.9;
    4   1   6.025   1.9804  0   0   1   1   0   230 1   1.1 0.9;
    5   1   6.025   1.9804  0   0   1   1   0   230 1   1.1 0.9;
    6   1   6.025   1.9804  0   0   1   1   0   230 1   1.1 0.9;
    7   1   6.025   1.9804  0   0   1   1   0   230 1   1.1 0.9;
    8   1   6.025   1.9804  0   0   1   1   0   230 1   1.1 0.9;
    9   1   6.025   1.9804  0   0   1   1   0   230 1   1.1 0.9;
    10   1   6.025   1.9804  0   0   1   1   0   230 1   1.1 0.9;
    11   1   6.025   1.9804  0   0   1   1   0   230 1   1.1 0.9;
    12	 1	 6.025	 1.9804	 0	 0	 1	 1	 0	 230 1	 1.1 0.9;
	13	 1	 12.050	 3.9608	 0	 0	 1	 1	 0	 230 1	 1.1 0.9;
    14   1   6.025   1.9804  0   0   1   1   0   230 1   1.1 0.9;
    15   1   6.025   1.9804  0   0   1   1   0   230 1   1.1 0.9;
    16   1   6.025   1.9804  0   0   1   1   0   230 1   1.1 0.9;
    17   1   6.025   1.9804  0   0   1   1   0   230 1   1.1 0.9;
    18   1   6.025   1.9804  0   0   1   1   0   230 1   1.1 0.9;
    19   1   6.025   1.9804  0   0   1   1   0   230 1   1.1 0.9;
    20   1   6.025   1.9804  0   0   1   1   0   230 1   1.1 0.9;
    21   1   6.025   1.9804  0   0   1   1   0   230 1   1.1 0.9;
    22	 1	 6.025	 1.9804	 0	 0	 1	 1	 0	 230 1	 1.1 0.9;
	23	 1	 12.050	 3.9608	 0	 0	 1	 1	 0	 230 1	 1.1 0.9;
    24   1   6.025   1.9804  0   0   1   1   0   230 1   1.1 0.9;
    25   1   6.025   1.9804  0   0   1   1   0   230 1   1.1 0.9;
    26   1   6.025   1.9804  0   0   1   1   0   230 1   1.1 0.9;
    27   1   6.025   1.9804  0   0   1   1   0   230 1   1.1 0.9;
    28   1   6.025   1.9804  0   0   1   1   0   230 1   1.1 0.9;
    29   1   6.025   1.9804  0   0   1   1   0   230 1   1.1 0.9;
    30   1   6.025   1.9804  0   0   1   1   0   230 1   1.1 0.9;
    31   1   6.025   1.9804  0   0   1   1   0   230 1   1.1 0.9;    
    32   1   6.025   1.9804  0   0   1   1   0   230 1   1.1 0.9;
    33   1   6.025   1.9804  0   0   1   1   0   230 1   1.1 0.9;
    34   1   6.025   1.9804  0   0   1   1   0   230 1   1.1 0.9;
    35   1   6.025   1.9804  0   0   1   1   0   230 1   1.1 0.9;
    36   1   6.025   1.9804  0   0   1   1   0   230 1   1.1 0.9;
    37   1   6.025   1.9804  0   0   1   1   0   230 1   1.1 0.9;
    38   1   6.025   1.9804  0   0   1   1   0   230 1   1.1 0.9;
    39   1   6.025   1.9804  0   0   1   1   0   230 1   1.1 0.9;
    40   1   6.025   1.9804  0   0   1   1   0   230 1   1.1 0.9;
    41   1   6.025   1.9804  0   0   1   1   0   230 1   1.1 0.9;
    42	 1	 6.025	 1.9804	 0	 0	 1	 1	 0	 230 1	 1.1 0.9;
	43	 1	 12.050	 3.9608	 0	 0	 1	 1	 0	 230 1	 1.1 0.9;
    44   1   6.025   1.9804  0   0   1   1   0   230 1   1.1 0.9;
    45   1   6.025   1.9804  0   0   1   1   0   230 1   1.1 0.9;
    46   1   6.025   1.9804  0   0   1   1   0   230 1   1.1 0.9;
    47   1   6.025   1.9804  0   0   1   1   0   230 1   1.1 0.9;
    48   1   6.025   1.9804  0   0   1   1   0   230 1   1.1 0.9;
    49   1   6.025   1.9804  0   0   1   1   0   230 1   1.1 0.9;
    50   1   6.025   1.9804  0   0   1   1   0   230 1   1.1 0.9;
    51   1   6.025   1.9804  0   0   1   1   0   230 1   1.1 0.9;
    52	 1	 6.025	 1.9804	 0	 0	 1	 1	 0	 230 1	 1.1 0.9;
	53	 1	 12.050	 3.9608	 0	 0	 1	 1	 0	 230 1	 1.1 0.9;
    54   1   6.025   1.9804  0   0   1   1   0   230 1   1.1 0.9;
    55   1   6.025   1.9804  0   0   1   1   0   230 1   1.1 0.9;
    56   1   6.025   1.9804  0   0   1   1   0   230 1   1.1 0.9;
    57   1   6.025   1.9804  0   0   1   1   0   230 1   1.1 0.9;
    58   1   6.025   1.9804  0   0   1   1   0   230 1   1.1 0.9;
    59   1   6.025   1.9804  0   0   1   1   0   230 1   1.1 0.9;
    60   1   6.025   1.9804  0   0   1   1   0   230 1   1.1 0.9;
    61   1   6.025   1.9804  0   0   1   1   0   230 1   1.1 0.9;
    62	 1	 6.025	 1.9804	 0	 0	 1	 1	 0	 230 1	 1.1 0.9;
	63	 1	 12.050	 3.9608	 0	 0	 1	 1	 0	 230 1	 1.1 0.9;
    64   1   6.025   1.9804  0   0   1   1   0   230 1   1.1 0.9;
    65   1   6.025   1.9804  0   0   1   1   0   230 1   1.1 0.9;
    66   1   6.025   1.9804  0   0   1   1   0   230 1   1.1 0.9;
    67   1   6.025   1.9804  0   0   1   1   0   230 1   1.1 0.9;
    68   1   6.025   1.9804  0   0   1   1   0   230 1   1.1 0.9;
    69   1   6.025   1.9804  0   0   1   1   0   230 1   1.1 0.9;
    70   1   6.025   1.9804  0   0   1   1   0   230 1   1.1 0.9;
    71   1   6.025   1.9804  0   0   1   1   0   230 1   1.1 0.9;
    72	 1	 6.025	 1.9804	 0	 0	 1	 1	 0	 230 1	 1.1 0.9;
	73	 1	 12.050	 3.9608	 0	 0	 1	 1	 0	 230 1	 1.1 0.9;
    74   1   6.025   1.9804  0   0   1   1   0   230 1   1.1 0.9;
    75   1   6.025   1.9804  0   0   1   1   0   230 1   1.1 0.9;
    76   1   6.025   1.9804  0   0   1   1   0   230 1   1.1 0.9;
    77   1   6.025   1.9804  0   0   1   1   0   230 1   1.1 0.9;
    78   1   6.025   1.9804  0   0   1   1   0   230 1   1.1 0.9;
    79   1   6.025   1.9804  0   0   1   1   0   230 1   1.1 0.9;
    80   1   6.025   1.9804  0   0   1   1   0   230 1   1.1 0.9;
    81   1   6.025   1.9804  0   0   1   1   0   230 1   1.1 0.9;
    82	 1	 6.025	 1.9804	 0	 0	 1	 1	 0	 230 1	 1.1 0.9;
	83	 1	 12.050	 3.9608	 0	 0	 1	 1	 0	 230 1	 1.1 0.9;
    84   1   6.025   1.9804  0   0   1   1   0   230 1   1.1 0.9;
    85   1   6.025   1.9804  0   0   1   1   0   230 1   1.1 0.9;
    86   1   6.025   1.9804  0   0   1   1   0   230 1   1.1 0.9;
    87   1   6.025   1.9804  0   0   1   1   0   230 1   1.1 0.9;
    88   1   6.025   1.9804  0   0   1   1   0   230 1   1.1 0.9;
    89   1   6.025   1.9804  0   0   1   1   0   230 1   1.1 0.9;
    90   1   6.025   1.9804  0   0   1   1   0   230 1   1.1 0.9;
    91   1   6.025   1.9804  0   0   1   1   0   230 1   1.1 0.9;
    92	 1	 6.025	 1.9804	 0	 0	 1	 1	 0	 230 1	 1.1 0.9;
	93	 1	 12.050	 3.9608	 0	 0	 1	 1	 0	 230 1	 1.1 0.9;
    94   1   6.025   1.9804  0   0   1   1   0   230 1   1.1 0.9;
    95   1   6.025   1.9804  0   0   1   1   0   230 1   1.1 0.9;
    96   1   6.025   1.9804  0   0   1   1   0   230 1   1.1 0.9;
    97   1   6.025   1.9804  0   0   1   1   0   230 1   1.1 0.9;
    98   1   6.025   1.9804  0   0   1   1   0   230 1   1.1 0.9;
    99   1   6.025   1.9804  0   0   1   1   0   230 1   1.1 0.9;
    100   1   6.025   1.9804  0   0   1   1   0   230 1   1.1 0.9;
    101   1   6.025   1.9804  0   0   1   1   0   230 1   1.1 0.9;   
];

%% generator data
%	bus	Pg	    Qg	Qmax	Qmin	Vg	mBase	status	Pmax	Pmin	Pc1	Pc2	Qc1min	Qc1max	Qc2min	Qc2max	ramp_agc	ramp_10	ramp_30	ramp_q	apf
