function mpc = captd_30_base
%CAP_CASE  Power flow data for multi-home one-generation system

%   MATPOWER

%% MATPOWER Case Format : Version 2
mpc.version = '2';

%%-----  Power Flow Data  -----%%
%% system MVA base
mpc.baseMVA = 100;

%% bus data
%	bus_i	type	Pd	Qd	Gs	Bs	area	Vm	Va	baseKV	zone	Vmax	Vmin
mpc.bus = [
    1	3	0	0	0	0	1	1	0	230	1	1.1	0.9;
	2	2	6.025	1.9804	0	0	1	1	0	230	1	1.1	0.9;
	3	2	12.050	3.9608	0	0	1	1	0	230	1	1.1	0.9;
    4   2   6.025   1.9804  0   0   1   1   0   230 1   1.1 0.9;
    5   2   6.025   1.9804  0   0   1   1   0   230 1   1.1 0.9;
    6   2   6.025   1.9804  0   0   1   1   0   230 1   1.1 0.9;
    7   2   6.025   1.9804  0   0   1   1   0   230 1   1.1 0.9;
    8   2   6.025   1.9804  0   0   1   1   0   230 1   1.1 0.9;
    9   2   6.025   1.9804  0   0   1   1   0   230 1   1.1 0.9;
    10   2   6.025   1.9804  0   0   1   1   0   230 1   1.1 0.9;
    11   2   6.025   1.9804  0   0   1   1   0   230 1   1.1 0.9;
    12	 1	 6.025	 1.9804	 0	 0	 1	 1	 0	 230 1	 1.1 0.9;
	13	 1	 12.050	 3.9608	 0	 0	 1	 1	 0	 230 1	 1.1 0.9;
    14   1   6.025   1.9804  0   0   1   1   0   230 1   1.1 0.9;
    15   1   6.025   1.9804  0   0   1   1   0   230 1   1.1 0.9;
    16   1   6.025   1.9804  0   0   1   1   0   230 1   1.1 0.9;
    17   1   6.025   1.9804  0   0   1   1   0   230 1   1.1 0.9;
    18   1   6.025   1.9804  0   0   1   1   0   230 1   1.1 0.9;
    19   1   6.025   1.9804  0   0   1   1   0   230 1   1.1 0.9;
    20   1   6.025   1.9804  0   0   1   1   0   230 1   1.1 0.9;
    21   1   6.025   1.9804  0   0   1   1   0   230 1   1.1 0.9;
    22	 1	 6.025	 1.9804	 0	 0	 1	 1	 0	 230 1	 1.1 0.9;
	23	 1	 12.050	 3.9608	 0	 0	 1	 1	 0	 230 1	 1.1 0.9;
    24   1   6.025   1.9804  0   0   1   1   0   230 1   1.1 0.9;
    25   1   6.025   1.9804  0   0   1   1   0   230 1   1.1 0.9;
    26   1   6.025   1.9804  0   0   1   1   0   230 1   1.1 0.9;
    27   1   6.025   1.9804  0   0   1   1   0   230 1   1.1 0.9;
    28   1   6.025   1.9804  0   0   1   1   0   230 1   1.1 0.9;
    29   1   6.025   1.9804  0   0   1   1   0   230 1   1.1 0.9;
    30   1   6.025   1.9804  0   0   1   1   0   230 1   1.1 0.9;
    31   1   6.025   1.9804  0   0   1   1   0   230 1   1.1 0.9;    
    
];

%% generator data
%	bus	Pg	    Qg	Qmax	Qmin	Vg	mBase	status	Pmax	Pmin	Pc1	Pc2	Qc1min	Qc1max	Qc2min	Qc2max	ramp_agc	ramp_10	ramp_30	ramp_q	apf
mpc.gen = [
    %grid generations. must keep on all the time
	1	500 	0	300	    -300	1	100     1	100000	   0	0	0	0	0	0	0	0	0	0	0	0;
    %below are soalr generations. 
	2	7 	0	300	    -300	1	100     1	500	   0	0	0	0	0	0	0	0	0	0	0	0; 
	3	8 	0	300	    -300	1	100     1	500	   0	0	0	0	0	0	0	0	0	0	0	0;
	4	12 	0	300	    -300	1	100     1	500	   0	0	0	0	0	0	0	0	0	0	0	0;    
    5	12 	0	300	    -300	1	100     1	500	   0	0	0	0	0	0	0	0	0	0	0	0;    
    6	12 	0	300	    -300	1	100     1	500	   0	0	0	0	0	0	0	0	0	0	0	0;    
    7	12 	0	300	    -300	1	100     1	500    0	0	0	0	0	0	0	0	0	0	0	0;    
    8	12 	0	300	    -300	1	100     1	500	   0	0	0	0	0	0	0	0	0	0	0	0;    
    9	12 	0	300	    -300	1	100     1	500	   0	0	0	0	0	0	0	0	0	0	0	0;    
    10	12 	0	300	    -300	1	100     1	500	   0	0	0	0	0	0	0	0	0	0	0	0;    
    11	12 	0	300	    -300	1	100     1	500	   0	0	0	0	0	0	0	0	0	0	0	0; 
%     12	7 	0	300	    -300	1	100     1	500	   0	0	0	0	0	0	0	0	0	0	0	0; 
% 	13	8 	0	300	    -300	1	100     1	500	   0	0	0	0	0	0	0	0	0	0	0	0;
% 	14	12 	0	300	    -300	1	100     1	500	   0	0	0	0	0	0	0	0	0	0	0	0;    
%     15	12 	0	300	    -300	1	100     1	500	   0	0	0	0	0	0	0	0	0	0	0	0;    
%     16	12 	0	300	    -300	1	100     1	500	   0	0	0	0	0	0	0	0	0	0	0	0;    
%     17	12 	0	300	    -300	1	100     1	500    0	0	0	0	0	0	0	0	0	0	0	0;    
%     18	12 	0	300	    -300	1	100     1	500	   0	0	0	0	0	0	0	0	0	0	0	0;    
%     19	12 	0	300	    -300	1	100     1	500	   0	0	0	0	0	0	0	0	0	0	0	0;    
%     20	12 	0	300	    -300	1	100     1	500	   0	0	0	0	0	0	0	0	0	0	0	0;    
%     21	12 	0	300	    -300	1	100     1	500	   0	0	0	0	0	0	0	0	0	0	0	0; 
%     22	7 	0	300	    -300	1	100     1	500	   0	0	0	0	0	0	0	0	0	0	0	0; 
% 	23	8 	0	300	    -300	1	100     1	500	   0	0	0	0	0	0	0	0	0	0	0	0;
% 	24	12 	0	300	    -300	1	100     1	500	   0	0	0	0	0	0	0	0	0	0	0	0;    
%     25	12 	0	300	    -300	1	100     1	500	   0	0	0	0	0	0	0	0	0	0	0	0;    
%     26	12 	0	300	    -300	1	100     1	500	   0	0	0	0	0	0	0	0	0	0	0	0;    
%     27	12 	0	300	    -300	1	100     1	500    0	0	0	0	0	0	0	0	0	0	0	0;    
%     28	12 	0	300	    -300	1	100     1	500	   0	0	0	0	0	0	0	0	0	0	0	0;    
%     29	12 	0	300	    -300	1	100     1	500	   0	0	0	0	0	0	0	0	0	0	0	0;    
%     30	12 	0	300	    -300	1	100     1	500	   0	0	0	0	0	0	0	0	0	0	0	0;    
%     31	12 	0	300	    -300	1	100     1	500	   0	0	0	0	0	0	0	0	0	0	0	0; 

];

%% branch data
%	fbus	tbus	r	x	b	rateA	rateB	rateC	ratio	angle	status	angmin	angmax
